   20   40   50   61
   22   40   50   66
   24   40   50   68
   27   40   50   62
   29   41   50   64
   31   41   51   68
   33   41   51   67
   35   42   51   60
   36   42   51   61
   38   42   51   68
   39   42   52   65
   39   43   52   60
   39   43   52   65
   39   43   52   66
   39   43   52   66
   39   44   53   69
   38   44   53   67
   36   44   53   63
   35   44   53   61
   33   44   53   60
   31   44   54   65
   29   44   54   61
   27   44   54   67
   24   44   54   62
   22   44   54   63
   19   45   55   62
   17   44   55   60
   15   44   55   61
   12   44   55   67
   10   44   55   67
    8   44   56   67
    6   44   56   66
    4   44   56   66
    3   44   56   69
    1   44   56   61
    0   44   57   63
    0   43   57   60
    0   43   57   64
    0   43   57   62
    0   43   57   62
    0   42   58   62
    1   42   58   66
    3   42   58   62
    4   42   58   60
    6   41   58   60
    8   41   59   65
   10   41   59   61
   12   40   59   67
   15   40   59   69
   17   40   59   62
   19   40   60   65
